909903
638656
644430
221
604571500
337557550
194743081
410614
666
576731741
326196801
85899
430509643
916805
385189
975498
28800
633
165580141
95
398
607876555
395723294
732269
539804
320
57328
580626
208812263
607188412
511884071
877627
199859941
278
715938053
654581213
282701
362140063
403
265995428
559847579
424796127
886567
548
621434511
708
321157
986174376
346
804884
302180155
44346495
312746
307732
389041113
638985
73
162521781
31
42
907
183916704
839
406265058
144702182
575266
661807
654549485
378686263
496010971
237653
621809505
260932916
905419
39114950
679559953
622108049
861416
63545987
812
425618
632321
374365107
816
432
698293477
470608943
269972219
876540
337588
561932844
877870507
158251592
433990
742
59
752
605860200
602
241
345451539
414308
654479
678
102334156
776
514166
468
587843242
506010460
673
231677
217
46189
686183
150
131990
94284432
917758
838966476
180009490
849897097
745227949
684
864
625750667
984115440
555926
560825012
329
731423
51541616
22
359
989262
814188
593974822
204
427
444
3
462473893
607
394220305
552964
670968
703
155
881950980
555
427386068
627283288
830
261971748
315626756
599
295338973
862912
120748809
853525
97696
751635
906208
466
787367492
347632
356965443
404
672616488
624547977
39088167
78
943051976
133003060
678946
355
436770175
89498
857093
329152549
694485564
573
826
80
793754643
903791065
838
5
448356215
379128
776022
577768859
999441
115
275928087
749248
191061238
217103
97153682
698965412
64916131
450161210
729179228
589443551
18652065
472338573
156202232
267914296
502
234385361
573070
136126851
164
695972
372432526
814458257
315440707
691421879
916263119
38558011
579107112
538
461265
332253
959
593186029
450
260453958
599798594
238147
938047
142314029
569594920
876228602
759953524
876335
657974100
863093412
720828
93288952
758
176606
86348746
281
88508321
911725
177618408
403166863
493824393
535686
208
891211599
82744279
532
62180846
464984278
948
344537
93166736
107
523025
364
396010
107651
865905728
747235
304
92893428
258
168376992
728
7
281872326
639010286
249233388
259085640
730467
969208
882
581212397
51
182460717
186732819
960463
877780
232282358
343094
899
532042027
858
189304169
229100141
564971124
262256731
244325677
274732
940
470489
619182
349327356
553159815
432510
488284
740
697
455
463130994
418774591
727008
316495986
938
879666383
927492
14930352
199
180794012
902624112
71061290
477
145
53292999
151353249
194994679
871083792
231
830580993
533163350
782
74064484
345725548
423313
159
342
703253848
534
428
169
123231
70459444
769
447
343296
188
565303022
144
357434
697033670
501874272
303862817
611
60517151
640960
656390703
425212
148237
930
6753128
376
835253383
485940865
340098626
411
662
614
695948570
969
538255136
258109
173678
768
665698
827328
135
482379839
621000
485039
910070873
513579282
135946
590726
323
399506
735636331
681261235
208897683
391
804
708806
914608577
862514
634
715
224
539908836
944988651
93739
294178788
208753
168
754754525
387630230
306024294
246
942353318
565169943
252566
479383203
485
275
884356479
8533266
659713370
938007863
96768
452
153715
539537216
640829167
359361761
671
750128177
209837
967
722097756
730892404
612
354928990
860
52
95850460
853472815
81488
203
398016
781513130
510589713
324
567279
99570980
2178309
825
829342925
85492387
964122
316682780
840091607
922763
726494968
526
22210
317087
792121180
54
696426992
798
279
861006512
313628765
669241
675699339
749334256
750138370
457194937
952420
118
18937146
151076
737792186
272939164
917710788
953671359
548576809
545227
145752893
701
954683
464882
700020431
287414705
285237126
850783739
786425
126768954
666718630
553250
438408990
392707
101
250181212
454991279
866168016
504880653
488949
577308143
246478858
268470585
950011188
441645062
306175223
755364182
207818
776663084
303913734
673974673
9227465
890
927285898
776842
966332327
349924629
7643467
62
423833351
64141257
789
719584
890531870
273582901
71
85063996
68787252
436
222254
84699
575443883
594544215
344527
935490531
34
178
888997993
124529671
32
480163898
818448089
184631465
511668844
100582595
446914
275072
845694315
322766261
339
503
120
907904992
806384632
805463
188891380
796535786
565
382433979
42807214
211
214433222
921721592
600452870
220100051
932792647
166832269
560638601
764561131
266
220539
738332
229080591
482481
145306752
951
649909330
521953063
699912917
257259
896205777
453468
338805492
365563
273542224
715812307
390098637
258123217
849040
572891913
208625
353689392
988047030
434
738871
384008765
957990598
406384427
714
501280841
956655089
967138749
941634661
99
519789975
709112
37
415539406
170502610
357732487
824
549300378
877
86241
215044322
832040
650
358
417
766
878392993
988712431
317627142
844972852
483477
280
665
588897
966201892
734362397
617
782450941
386766
918556
739828
550518835
535525418
641740
320691196
399
989890973
864191505
220574
33785481
559839325
936799
369
309501714
707779509
689210584
695
957570506
720412021
554704
731632630
299207919
62892979
227
940931499
200738095
242
578605248
723487305
404979
800472946
797378
161
963864586
509986008
24157817
794571609
493697242
632
320892
237
908692688
51935158
615286595
599501
361622247
330439
264909514
699
198903
238589
201077
655606
509451525
271
168818784
434065
702055625
250
928
145936771
192370805
271213335
942
900059064
65132
320712010
629026879
435221960
401
68853
435916
503444
830312044
229214
717098698
609852829
682715317
484175
487292
121393
853048516
654376365
94348728
483
307126
49
18
468542
57
855
420721637
688018022
180200951
10139077
137317
458
281847902
570530523
19695876
328481
630983
595590924
547075290
376989
982275978
945949600
94490002
481499230
896
724700024
83
764
252705
103686845
105533429
723527442
96
151242408
327
557557456
32156097
738463
893051890
573802943
341
656607571
288392510
500
742798990
679571484
50
241062
818093
616077
732815
308269169
534039663
8642960
645
377
264562783
506309
112
540400813
667361835
45234562
791198854
606
649
114613283
770918
632092232
225434
544263854
561
997657
913
910914
141344174
696146
514
450079
521123317
386337713
620466
858469
971341460
904237719
703648583
104795
408
920600573
569334
474989511
206988
639389
486867888
209763379
506
616922
53793019
885694073
402723
390342172
579298842
476103348
872163888
734641
866
63245986
892086
944788506
729689442
837180942
209110
106
785
442567
838623
6457777
694444
490938635
309319060
756
107877523
37521962
334491
406700
364006021
174750
306954953
2013298
512
118916168
176621718
128084192
486173020
98623938
42176791
183
786378446
203570
356
597406069
880088
472920114
82071502
454901034
627238824
771
985529
610362486
946141362
136
223
409632308
133795998
720920330
736060736
663
66870040
722559467
705
884707
80771158
460023
588386782
5702887
12252924
73267
840719202
64
670
688518344
632300467
720431212
172802090
258645
519
865501390
829
213
691
966
166078991
87134508
250700350
893395
725566
250177858
972183291
929877423
191690376
962008552
277859069
978732450
901
265
229535552
477095111
681
932
381341879
948595801
271768165
519405
192363838
336391321
604530233
674849032
571
719998606
913425
330
901693
859399
930684
657306176
593587583
453822559
492336824
231482
518450801
885010
383
625227671
363032
673867
675635098
76046143
891735149
530
438
383898287
832442
606224057
660928162
94349096
831438
726775596
503085534
192531
955141767
824414
424184993
667723285
128705866
267209614
86807750
407
701671947
65760848
840915
588
229022884
281723
316227326
352984500
594447056
224800875
198003489
941102562
301
401819
837007808
367719101
516
3524578
711212924
129333
355186
174488047
309536818
950157229
248999
556436
551494
850500081
946
552974
435
89
536759
40
121763
135319127
3919
875
687
847
758970
759
744164028
981869
695190506
524435639
74790675
334
76705957
241162816
315
457939
892
768628579
774222253
690
869634
793
451
395
989
199293
903187048
693
254765
974669138
839039
777
9
511341
293338378
158
891662161
859327726
270103
222
895256
692050
323598
668484
736656472
225430744
533878839
273906881
853651
206797981
988695
921668779
689492244
218
359389542
52036737
244545
187
873296787
154460142
4181
6765
885929710
162755
226
265372055
864703462
635
775595
572609
983562108
685438544
871489
875146
868955439
737468
242080101
630969921
711
731841
966996471
336393424
570
832
675063327
239787525
416072354
449
358442024
919
170018
949834
109877848
556972
162981079
619
291246
843744112
703352
761837359
299814
692293
639582826
174
392437274
795084829
819624
255056939
610368
757912107
821631183
369741
586
898434776
83646
493261734
966199201
937414133
875372
836537201
787543
837717366
938513723
172385538
912
592445486
352985
435954
945121908
566
385775442
910
818316975
7907
107131380
908
305813
583299602
719797345
515
881437602
749058408
138695087
301460799
603
73057777
901947836
43177
964284600
828050
692738874
611797048
807
397
124
245
651
272754
527812
709979
386
129254719
344
317
801477384
794709302
770744947
968329273
97764342
79
153643156
685611282
616138043
725956
591378430
332482801
196418
317811
531145537
859676
390
900488392
66427342
849057
125310271
35060279
769329
427036944
383601826
292090
256139
471
380842807
862
937301
973957210
877504
720447317
988242
552267
968797
701991
370798957
720035
30508
106463857
105524
294
673283914
195459821
54600222
20
697331644
715060820
12904448
325350
190
524171948
518980
620949614
163582641
7667
569153782
664
345251837
851929
64205
536041
719287
55305915
847256614
170294866
658
296285
437720471
571876412
770315057
672205
807488794
302
433029
8979535
992
315781672
10382583
964604668
482
16180
988864659
502206
672255180
564319
698444
406
928269750
852292
195935
432944084
53560179
450573
890107661
330199690
159307
903829
365902
729421027
692840534
353200283
192791872
171948365
592000
23634963
265951
128788771
443234
256302
839586
137
106533152
725850933
79191
344357
124728
476125
16
149792877
575779
453
462992979
926082610
571565
496
744905707
753
582874
213778
66376355
510
672942
757029947
135889902
568243
784283188
939710
272427
835263
272124
256856
743
423907495
845690995
459331773
990
253401970
872291784
17
614664161
53
45019568
194918
187133
971
393269142
595492031
630
75704
99874716
874032670
227036
756683527
467565
297552
540957484
114
347240174
832945
86325
773771245
459053420
740402
523
14571974
404971929
865182038
479320122
112465
170092797
179894399
706952417
390602989
716
960913658
536
259201
659371816
570007841
127693625
658171
254016163
945734906
668233
845
337728
62010917
518
764385949
878400157
714142
802
781099154
470829
77
142965
14555
484088072
456860302
700267167
611708
341915380
225006
44258032
144886401
736798773
313839
448648118
56
792163374
371
365222406
697311628
897
69377
831
316363329
511
104
30
278737580
406313
967914040
573758
334674
871160831
61
463033
576084141
510142907
668942984
196729424
2308589
221562152
974212584
547
33192
969305951
402776423
748869
565713846
841147536
23612685
106541537
256354688
627419
224730
298
563766635
119
731399
795
37695
111633
446380777
270
131065
528964501
761408447
633333
359029612
465
297277649
503207544
742734403
620920443
76071306
124762991
176
230244806
366753
587
805486891
63381571
890702057
769933039
166715754
894466547
569794615
786088312
303625223
156247655
558
840
474
859363
324869748
719018884
739200291
157988
926463
861569473
535380421
716387593
357299024
293
930978315
674737786
695695
38927
699031
955574323
961
72328
23715
15
200386952
351068858
151390454
334682290
336229419
180756
855311004
387049780
560802270
476
506101331
602029633
477121078
365096116
641440
924476
426283
599149226
488566232
883321459
50554950
56158474
596
836564
19322559
102585642
764139
443604
704
124874049
76914318
697670329
6034221
178622
112218
117677
151248124
236138
935
274794123
441480
845883583
438323
934432
82
105264
912881624
418011286
832957561
456311
682
613104438
615422453
801231
157391
688719895
378683793
878555
720
302129
742097010
70760609
620225133
512544
305076581
293097
510021712
124697525
680790
17374
835
911799431
842983553
295840966
202
951731520
131
322
879006998
157038
73141
501482
109
22443034
646
228501
290078811
495932
464018
753697199
448954490
270232824
929434536
428629037
193101
729725706
123438426
280340037
299157
609521
149348
59097202
557
949519479
152
602290847
616213
353333810
471164
971349436
956743588
727000831
673847908
685418840
391133133
999499981
735833902
123606000
463196735
81258689
397406723
210248
412629
207
7591142
413
136192163
969197067
512085
526110042
175
280727028
251
587604675
335
543467139
539830
960
606655
957191119
323341703
677866
265188336
54060059
161588119
631838
129619939
133312
44
801830
103
609366261
345
21257753
537126
895
759913005
693742947
883
380455399
172888940
28414661
878
327696
103315475
419653625
565382
575029029
592354331
355255634
286
403149
691933
332267284
393949350
670871084
98668633
100150414
778440788
817876321
245176
106232189
989051897
221181244
988390
431384
347420
429
43138274
276255
590374
954028177
141
408745
235
416574243
663261495
812131
660584113
9774
363
474114
420949312
124578
807227705
637
922351273
651607469
297078622
960664
150011898
335796112
554
406041952
60
299356995
192539
559987
658931651
265269
724
321742165
610552
379519255
845063598
747242365
509685679
512699
380312918
570982
290026629
992666967
807140420
171933989
110
389
250254
949815058
655
188483695
930345285
578
885904963
806980896
466988
543898194
237167694
396320
618568
834941277
951183330
903684
709255
701523882
394079038
486562953
497910
663053
43149
707
385752299
899512
703221
738147642
435429486
781478967
894
17886292
651238182
476386019
788230
274
407001568
786825623
734546198
667
143787658
835371625
588217
329909
243784823
489908
12
880
418034579
400375319
125
404545
403868586
415
792022791
281647
667756
964404481
508006898
534200575
858971728
593045
598287352
852
292712
239308925
782379
600
746553234
984948687
174775
419956
333026
654000346
462633168
779729992
742092582
316545239
294669426
376666
346990566
74977
817
478670379
232529020
549
626
107230
881747
379093507
941428809
937
639996431
107098494
746564830
655496
191192016
230581036
859037728
905494
808
318205434
673649757
575428
317247480
849221498
850141134
175580
125170
130475500
610
295759694
293206650
481
373652175
780745481
801278248
815625
671029
339555756
141209292
15796
267112836
134779075
983885262
301149
723781742
150543571
499243
93
621925
963
932206019
125298
186659288
282741683
251261632
655234
685763320
915644
156193
230903796
795384691
142
381
528897331
291393
207977256
333136776
647432800
108235
50814
738721
360343006
504166520
622371440
551480125
185
777601123
480815873
874374
34696794
633156035
882338737
96745455
506123
455495515
379436589
962366161
759608854
12024515
732
245101170
552731750
597894393
269
997
422082
313804901
536346148
246294113
743326354
533098648
336878241
548499
970217866
366390096
524698981
977018075
370506783
774667266
102196
921357306
575406
297509626
803753881
228511
85976
601203
174970684
572
780057
404699
370365
689811322
431470
602408554
573268689
122180592
671889
115353706
195704
456
618286170
82940
962378571
310341554
148
891472851
649592
620757
591549897
781032404
990432447
349
353
195277743
32230579
916886818
803185494
642963
840945
184966
287
220125499
868250
430
418
367881073
265720623
585693813
94
752809489
194293628
940918373
577204108
615859013
814338761
10823671
911545547
763
378203372
366119146
501414085
576
649635260
805768
375239951
717252658
969149613
833136051
988913900
751413459
183816562
998622
303
616
699128681
900
187989599
956962
354816
319193
825120762
307186480
713453
230879
869
213400864
542
431048774
334241062
296
947329
513218902
520
355655
696710
691312038
998948
381031020
437246
4
399703151
682265
623
106909254
989598
882461025
302048
17846651
925158432
467
579522613
65325877
988496
75
727788998
172088
794299138
410522322
772
109966
665258972
199589778
624
171195466
170091
642
796531
275016241
391899744
636
535597973
435849638
244
139802
996806724
431675
870442
31012605
564855
360148
776577830
170
416519970
460181053
462695380
379079
523603
164011
580
14
127757607
805430
61133
171288
208230111
1
305020357
725645749
229598317
486
987370536
653505
207813766
717469391
115587
137420
446
750444
604176689
928643061
847735997
192139594
957181
160
736
756395074
621464
727709812
669
994400479
410164
356498
762280998
150290
696849
553
930692
861170
238528
816768463
10458821
555212311
420370014
130442684
856330901
335023
978
909691
342264
883783
972792762
768288
842184
914861
12190559
47993
184
1020775
644315272
367155318
469554692
55615258
705631253
381434
16813
512355784
169275
223714369
84048306
818324
519448536
345093
977396373
702173882
807764882
895005042
791700501
849387
556199
752121
559721358
537
943171207
754
347
62067172
433522
554411
172822937
775443028
980010
846582146
53749
177833782
496938789
610792243
528606414
742848501
889942
356215178
914785906
353249377
809418660
478
653225556
575008532
125610737
592156026
835608
650346405
771376302
105415422
622663920
823346
837
969604
908223063
907961
335640
144392
525121320
170892845
536005
139100505
205
529558635
91391427
197
430162664
26487715
414395369
659273798
275208
705453560
757349
750597350
822961636
142060431
924
217348
181472952
195371854
650373
326
625723424
342834290
885869527
613
782958
65
881885279
96560
582565372
652193482
237767946
146463875
633598
386133188
260173154
962046
972028501
164393934
615
679
424984
515128794
292662
622033930
668
925660
417724048
619537088
73898110
621801
726676182
585604616
194967703
601249345
99812044
253014974
98961009
654680952
800525957
311209
427551
352485940
577528
370061
195032530
91
418399046
913095615
236239330
533
184055541
706
653236630
267474
275673963
641100
828103
859064501
196760
475
407000465
751733
620857
711437
260250379
981582647
323560413
795103787
306621686
591432
77348
53025281
943313758
180579
529
236903266
43005
404708
145457894
355601
762407
741232718
801
871545321
220107144
798548197
99180
901147159
525568457
149803
568020742
761
746547
763145
417902776
401263843
474437401
109044799
907707
369206
756472200
130477419
314251
956
615926
21
670040456
807617
308
47
58
417235
890363544
344604
476157491
928193
354229
791
957
786118
888091
227159871
886
750125516
247108579
731
370902
994772785
17589217
843
828543
22566156
434693129
751519
422442
365907118
282837
782368438
384770672
20430
167
965
841003876
153497284
51782
543
271954855
42869965
162
838434
147442026
368670
753067
744202218
850581
537518
712716660
237619
527295
327791144
219445400
663746283
261907584
134094907
731026418
7269203
414838515
9336786
629875853
683816881
351
757974
91756194
189
26562276
319
870376
565359872
788049001
76520
707481864
520131721
852176077
747391626
432998182
101802746
917408866
589583201
384372
713144
426352117
739791
789365
360140080
719667399
59816
623666
47299585
269702443
575871
379497733
624671
102073834
122773
445213687
445681706
447970641
966202618
619759748
934
178202702
725975333
122399891
195574
994424507
961078
314826594
832060
309
394261
535553863
339444431
248358978
670045522
464353964
401474472
792706
859340
821139
753056369
832691
865872772
700807384
192530
95849652
241798
668556
426
871529
448232277
813268
711520
995
562370
676855853
391331207
890186
74980070
389126789
340743
912788628
158445
502978454
444453
981617820
863688084
766654
45544
792536
345376943
50988056
56435798
677971694
89002
787938
925655985
585
205082512
107632216
540094
198
353102009
54616
78558
57903
484024530
123
215271559
289434902
923185
884115
846484084
216103888
586040439
358357707
541061
641
19488565
522681523
505666236
884973144
118986
334461211
874
448
286958983
316544164
137164026
498203414
491787
300378
909
922
820335852
681789193
817911300
363901670
605540796
107503
338850032
921
264122118
791836736
678674847
968
344110
589384
267
443725645
527
353859576
75470201
688
591366
375100
372159784
627092739
48386
714966654
747009
979255
531092
69
430678
431196
942760937
273307364
508996
372335
431
202877841
252670004
300768520
678437
967540187
27033095
17412
108
843805219
936628
834
530585862
700964
625141
137533
819572381
847126032
840169023
722649961
411916560
904186196
159183744
190871620
303835189
76629802
101489
384097632
290
386547350
977392
448646836
975219
145812571
564879141
775
951417158
926150141
313965341
537920004
316741390
168919
690502
685876937
471951128
951717
194836
456233111
792668823
329944910
313
105
200886
697006
362006873
147048053
719425
453566872
380036
194
332
609365665
981530969
652408536
741582720
367615
180340537
988
143852707
958
304006376
763855508
832163658
910444006
830483
581
586307
921305366
815
950813
339563156
266314855
181
912919415
770491216
712056980
729964952
374174
255933380
517027910
452493876
723
143
294098629
64140547
946233789
241800875
221026556
19
800522
184901023
486460960
674
612738369
964563148
74332006
366147
443036764
821683311
562290786
283
531416643
930851895
772291799
412794356
452215630
825800
842215
500965457
52778864
417437507
911850
510721629
311768493
581926
446089
803106069
338339266
717
984205678
691537136
794
471263958
503418
639307680
99724502
682919696
687608
525477630
741
652136
301244
143748263
383331698
648910
715809457
950
540047287
180891858
681708
203659
598
1863590
46
887
100730277
943475050
331241
112693906
14474414
79762229
979386689
140856525
357
881
914433477
726
311533
30476932
228429982
229415
983
25675307
163107874
996
130
583705966
425821119
581522143
136613727
822199154
380279625
729441
311849657
737498759
665304
304512
102254500
806189607
877067
901041503
599690605
960220471
858402816
480682
992476866
297573372
53331444
204112052
17222109
346481
166105714
617481897
204002730
397379
655977
717691515
979
439058571
344582504
227442873
961563715
842754110
981808967
760320272
953
584443470
537625720
467711155
54417
685747022
652956824
517055891
401678
265638258
584544071
582
800
240953759
182
421588816
873358049
186110
990793596
438817
744320497
875175
689744765
560
383783
340029
229833112
796171236
243838
633233
760
612389
658559
667306561
926310730
629566693
263
972
624688
598024
936712
366728474
508867
516676029
85923
149720347
944204
748079140
742143
701216853
672630886
737050954
827956885
458695
837424
936671225
27143
905077
339780649
661632216
646220030
475416
333440
445745753
755427347
430126780
953098
995561
708847704
477183029
350
144500917
746250
970690914
918214070
434148
489
632517
807081634
587041018
622
868
643663059
211350585
456546336
105355
348
874368579
171382415
83053342
829782468
39039017
375280881
988824288
455760049
167400
162422
166863263
233625203
642838163
664120
381478
579553
453158895
62779430
242426521
747755199
394656919
301688513
8175504
664789228
38929961
102583
269848556
791027850
94484175
541173
957989697
779354280
468913410
992382
35
756519039
632588343
173
734357368
253043858
731990
703725
677454
192921138
232640316
886347872
646661
876996
45336
637151
149337387
811365323
955209233
714742804
873576298
619292
938350949
271166497
867633
333206104
304228
162905
306452708
834318
519025872
917960702
84599357
712779066
907622898
890117566
102295
784844
692746
132
59163
404705699
846955368
306
447382675
838428996
632579
294547593
398373
821
480010
637831754
433024851
349705
679536371
13270
421124535
552
328773
644977
368571
848734
337926939
944546377
554484504
477216
517358
198535429
490331264
676084932
16273376
935080
593103261
217659594
261255
764970976
132048813
224717
197093
470835442
926496
920063
832126
815880095
598293910
657790461
889749950
333739
605819
134687330
141215
301651529
732175841
822342
949332
308687013
452264
229825
445850380
18399
780802
139651636
771851
238825245
30025943
809430106
140653550
644522435
673820
638477946
486175382
692334514
68
379321332
261759421
293501987
21832
364941
450566413
790060895
536683
293958
209729849
251221198
940852730
82024809
587652
95387114
766037
461639
182522853
677228
206683899
896846855
301193
180
53729813
163098
603207
850098883
765216742
644064706
648044586
759964461
919188527
761787
530629837
207164568
468797516
375835186
379
891415
197930
72842
545570763
799030624
970982737
468588
58832265
813589977
744345650
619929
177963935
638591
471722087
661557150
356344553
944339840
253665438
266242
761293754
242971852
40853631
178478396
502194489
574183007
495
583
476278930
460377391
618757596
995505245
185183
305814
713
461418841
29420674
972302980
934284638
522
953751
363668769
210651633
438693067
599604815
732850
364419
608
459100759
307713951
870
84068
401853
22373413
214288044
322530585
533589494
108388139
168702506
536795336
993188332
542177692
29474126
679214217
869958821
856026328
930831904
660606168
820065687
881959282
426172720
844669940
773362649
508814996
220
930215850
357548590
3423439
149315291
467390950
346812
562667449
103988
714637
94927902
128451585
345973177
696
656
730196662
213875
276
264
97
435673276
972610837
807221879
369940524
14930350
920697358
849150236
184760701
295543
355344352
991
651139709
227567
409149795
939780224
499150251
311063919
722561510
300117021
695369
100
829569
708080982
290529615
802526
494077162
246872
661837125
259406
398873042
549701814
650123
360
913232383
295919
77133
579
537543065
650515876
278640149
248
889594
517
156
988358092
32663058
94364
1000
459118180
625
285068177
445558041
47964800
73083304
45899268
180979763
209
585289213
683
189753449
578705851
223288151
746574865
584134521
561588936
307644
563
503285481
280661
3986832
36847618
994757
285
365402784
694721
507
284726234
383642
884869
953803963
102
200771740
281325
132619910
664847719
436394
354238428
563043628
240626326
84265911
69044406
91402
153978576
518555938
440854996
732875658
900815031
228301821
750339519
811269
677862
688072
737480
613793
666903981
515069802
363141161
333502247
448428
634416001
848
373870
833
775229793
449644711
163
993378142
569479656
583792793
142248541
815935021
263222084
326756955
642436470
505836823
501142273
183153420
550012272
178855064
414262
905850
270832
122807773
843623188
487323346
388079983
156193503
589412734
953370572
673246253
749
675
646221
572676
739
889
669460123
738
544188765
315818207
273
883540898
533408573
806939174
814
158469375
211821321
143304
109474
727657
263051
312
996744943
14575105
833477169
386347785
223710704
707789987
770401449
48074
123879033
5223
701094663
648436281
888347397
304407354
705748027
373131719
917
679268
322048278
71967953
535016615
347086691
203549
470823027
389228514
641336656
934621
616170740
430770422
993638611
36222652
329143
251270409
773631819
481302913
430392787
950418668
900519
996904096
699155
436145019
360433
124868
985
149255195
989907
100930857
686
702103590
546228450
692036897
867
255
846779165
784388109
836981
467080881
847317922
403304
883026374
100178
10257534
545577792
808177941
625393085
372414489
218592782
497648699
879268414
102058
505834478
419
867002035
534720
479
598396105
588084
83153
579547220
983581
558664754
533135784
261630
221767173
587653510
875497871
13
347887
677764
589501477
6719
942304117
19072598
247964709
49499383
157813143
282
464970
574035054
873758505
223829339
340450254
275687
851725
942203
704641
844428317
374749979
324274
379881839
808861840
29
392746574
19659847
978896
557722472
6153616
60377679
60721405
215595715
466255722
438217
897339454
778917969
776864375
763757957
620470908
667811624
165580143
210153083
590005580
548232791
895280
426318
236295
722377264
480856
128060449
184822375
392
983039
404549
109398
928035735
949356822
898
354191942
117106421
255887
565881260
954949
122012
311272422
351645
865413
272
72173019
434316
750109721
653077372
502794040
636030691
933709480
6020802
8205905
908502263
54554
932098842
681824572
53045
133
691044
747686
994591
872791685
501981730
223442
940973792
640300671
70310
980875
131635982
687171524
781002
440658478
885
3039178
948718808
439
681385746
410
420538407
443
569117152
583354902
897941859
544
613918
983104
145675985
730
289134192
64143
58599
379430187
676
408510
728373702
734
76
630577711
314
780090563
522638118
468075
931542047
807359565
199590
288398
163296
363348843
224218753
2412
653682485
284667
308314097
404767
978172691
561002
916
219304
772170083
257
37036764
258100813
985726848
371034
361
908917
624626360
217060618
720703
505153639
531339940
657
132207234
977771042
529598
213052395
890903
157
177916293
904488536
105646587
809756099
706880332
976684509
933
881325515
648
125225568
654732
90021606
165579408
274312439
889947289
82954862
880038
600659701
122015190
681939443
426398
490433155
418891104
918978325
575511046
375
368354876
416853270
947
312376
280245
134
980387
214767853
8145125
357123
908044071
460124849
183346826
109282563
619341
569322
322833
76223141
457
20504
568831094
978535529
754906551
213705
725
643531
341012339
647476
384
474755961
900597038
557825491
304724
440
601897431
526571775
192127960
801269128
188268135
362136912
499147372
153
212860557
628
985852
873744
24
131196
269285717
616415479
271614000
232067001
556508011
187192570
185820986
392866558
232024246
903628082
487555423
670493
702185
258745
851
746543
760139936
141092277
36
547140
439736314
409421407
554073226
792
445841648
809138
6633707
392312338
456236479
873841
371849363
78598331
986751458
138410
620253272
505722781
870068
623734
673992701
972233348
463
541935243
314437092
262092
376289201
490516599
83237323
610711295
409568772
711477
433185837
298475
733010167
947321995
514226
410489225
444764334
456593
510986191
337
540064
383089
693508
38
798008051
388296785
551593943
72
597800565
894614245
536905470
324646072
72591
576197314
232
452826137
239629916
802858010
700
10
201913861
602061027
592413495
909801727
491554477
439098273
665016
960742832
23256283
559885821
515759827
899523
522930
838123929
439759247
583863
239
89803
531806
396
109581688
542920643
743964
358263
341598666
507685331
378320954
501
953638074
851636
552580
404678452
631936300
475160271
884777436
706359974
345123926
464
523157003
977597
932719
453924
479401594
886559549
432561
925113
545137
791877176
719202
224385439
629630727
804908891
8113
977
574663506
870121
234218038
275094871
592975100
450402
757214708
850842984
254423939
998297733
399656
638
871456945
967176
336110
374428131
639901490
41
680795
137645
626012
267325036
786101955
592134
981443
225
388952013
952212021
777763719
586613826
707379622
143491607
533070549
30422
204619
836
469074301
180323444
431633991
22793
200441585
454856502
385401002
113188780
618624552
818611523
214858309
537462
758167
13109624
302460419
912088534
709851
324112
742101485
766489741
522103494
756449
445163
137689268
876389231
656540935
72825212
757851
442594086
388061
351974222
111300559
529162
684104833
111380
310853668
263360
284303266
795790450
603225
864802
35820246
332409880
478450
520468071
888336
671463958
244375982
79668327
608159089
71267
482498746
19069
221936193
15285951
706658
375768439
635880879
475592
136552047
325458079
10663953
613161695
287241
714109770
346048
612931
510536392
353302074
459
518975
263897
200
243
952
711782678
199087090
613110
685407
225233053
721
111848321
917863
165794552
445879466
316
864129
212650799
448878034
351383
378
703049450
412
823330250
361752495
597
685345867
916730911
564239
894951
356947403
427437774
831665684
3979373
667533
551465395
201
435301
971753480
176742
402393924
579283183
281700364
504931748
751426
13329
37830
212
52994
805
690362336
367459474
695604
829185780
361371544
562070348
699496431
297896587
917882
832196
642809405
538675242
882784372
487254
200610887
282137884
402152
646381772
643843
600885
528768263
451280
430743937
27131841
487
872762899
126
298126980
260
187117
470808024
935538629
878261943
1275
455784
708087463
47092336
475696
27
24011018
544938446
736801956
308340700
560221
604273645
551
451599
376367873
793085627
337309779
516947
925458169
178230814
112248274
521
238934126
801328401
85
637879348
832998670
652
911
225366
653
915172109
166
809732
701155053
77026
339292633
790
397968632
328
128748
871683
300586142
177443
339303
86
572498619
427164
205490430
814121572
443204
805512
382817
116012341
478379191
460958
779
923
881156773
92070
929532
510500
79058475
948039
331247
916677389
164351
697034603
114097
255332409
45241